Name: Ozone Hole Area
Units: Million km!U2!N
Source: toms+omi+omps
Missing: -9999.0
Climatology: 1979 to 2020
Date            Data   Minimum     10%     30%    Mean     70%     90% Maximum
2021-01-01      0.00      0.00    0.00    0.00    0.00    0.00    0.00    0.00
2021-01-02      0.00      0.00    0.00    0.00    0.00    0.00    0.00    0.00
2021-01-03      0.00      0.00    0.00    0.00    0.00    0.00    0.00    0.03
2021-01-04      0.00      0.00    0.00    0.00    0.00    0.00    0.00    0.00
2021-01-05      0.00      0.00    0.00    0.00    0.00    0.00    0.00    0.00
2021-01-06      0.00      0.00    0.00    0.00    0.00    0.00    0.00    0.00
2021-01-07      0.00      0.00    0.00    0.00    0.00    0.00    0.00    0.00
2021-01-08      0.00      0.00    0.00    0.00    0.00    0.00    0.00    0.00
2021-01-09      0.00      0.00    0.00    0.00    0.00    0.00    0.00    0.00
2021-01-10      0.00      0.00    0.00    0.00    0.00    0.00    0.00    0.00
2021-01-11      0.00      0.00    0.00    0.00    0.00    0.00    0.00    0.00
2021-01-12      0.00      0.00    0.00    0.00    0.00    0.00    0.00    0.01
2021-01-13      0.00      0.00    0.00    0.00    0.00    0.00    0.00    0.00
2021-01-14      0.00      0.00    0.00    0.00    0.00    0.00    0.00    0.00
2021-01-15      0.00      0.00    0.00    0.00    0.00    0.00    0.00    0.01
2021-01-16      0.00      0.00    0.00    0.00    0.00    0.00    0.00    0.01
2021-01-17      0.00      0.00    0.00    0.00    0.00    0.00    0.00    0.00
2021-01-18      0.00      0.00    0.00    0.00    0.00    0.00    0.00    0.01
2021-01-19      0.00      0.00    0.00    0.00    0.00    0.00    0.00    0.00
2021-01-20      0.00      0.00    0.00    0.00    0.00    0.00    0.00    0.04
2021-01-21      0.00      0.00    0.00    0.00    0.00    0.00    0.00    0.00
2021-01-22      0.00      0.00    0.00    0.00    0.00    0.00    0.00    0.01
2021-01-23      0.00      0.00    0.00    0.00    0.00    0.00    0.00    0.00
2021-01-24      0.00      0.00    0.00    0.00    0.00    0.00    0.00    0.00
2021-01-25      0.00      0.00    0.00    0.00    0.00    0.00    0.00    0.00
2021-01-26      0.00      0.00    0.00    0.00    0.00    0.00    0.00    0.01
2021-01-27      0.00      0.00    0.00    0.00    0.00    0.00    0.00    0.00
2021-01-28      0.00      0.00    0.00    0.00    0.00    0.00    0.00    0.00
2021-01-29      0.00      0.00    0.00    0.00    0.00    0.00    0.00    0.00
2021-01-30      0.36      0.00    0.00    0.00    0.00    0.00    0.00    0.00
2021-01-31      0.24      0.00    0.00    0.00    0.00    0.00    0.00    0.01
2021-02-01      0.00      0.00    0.00    0.00    0.00    0.00    0.00    0.09
2021-02-02      0.13      0.00    0.00    0.00    0.00    0.00    0.00    0.06
2021-02-03      0.61      0.00    0.00    0.00    0.00    0.00    0.00    0.02
2021-02-04      0.03      0.00    0.00    0.00    0.00    0.00    0.00    0.11
2021-02-05      0.00      0.00    0.00    0.00    0.00    0.00    0.00    0.18
2021-02-06      0.00      0.00    0.00    0.00    0.00    0.00    0.00    0.11
2021-02-07      0.00      0.00    0.00    0.00    0.02    0.00    0.00    0.72
2021-02-08      0.00      0.00    0.00    0.00    0.03    0.00    0.00    1.07
2021-02-09      0.00      0.00    0.00    0.00    0.02    0.00    0.01    0.63
2021-02-10      0.03      0.00    0.00    0.00    0.01    0.00    0.00    0.24
2021-02-11      0.59      0.00    0.00    0.00    0.01    0.00    0.00    0.18
2021-02-12      0.00      0.00    0.00    0.00    0.01    0.00    0.00    0.38
2021-02-13      0.00      0.00    0.00    0.00    0.02    0.00    0.00    0.53
2021-02-14      0.00      0.00    0.00    0.00    0.02    0.00    0.00    0.60
2021-02-15      0.00      0.00    0.00    0.00    0.01    0.00    0.00    0.48
2021-02-16      0.00      0.00    0.00    0.00    0.02    0.00    0.00    0.95
2021-02-17      0.00      0.00    0.00    0.00    0.05    0.00    0.01    1.41
2021-02-18      0.00      0.00    0.00    0.00    0.02    0.00    0.00    0.37
2021-02-19      0.00      0.00    0.00    0.00    0.01    0.00    0.00    0.29
2021-02-20      0.00      0.00    0.00    0.00    0.03    0.00    0.02    0.40
2021-02-21      0.00      0.00    0.00    0.00    0.05    0.00    0.12    0.90
2021-02-22      0.00      0.00    0.00    0.00    0.03    0.00    0.12    0.30
2021-02-23      0.00      0.00    0.00    0.00    0.04    0.00    0.15    0.64
2021-02-24      0.00      0.00    0.00    0.00    0.06    0.00    0.10    0.73
2021-02-25      0.03      0.00    0.00    0.00    0.08    0.00    0.34    1.22
2021-02-26      0.00      0.00    0.00    0.00    0.06    0.00    0.15    0.83
2021-02-27      0.00      0.00    0.00    0.00    0.06    0.00    0.21    0.99
2021-02-28      0.00      0.00    0.00    0.00    0.07    0.00    0.27    0.67
2021-03-01      0.00      0.00    0.00    0.00    0.04    0.00    0.13    0.53
2021-03-02      0.00      0.00    0.00    0.00    0.02    0.00    0.10    0.26
2021-03-03      0.00      0.00    0.00    0.00    0.06    0.01    0.22    0.57
2021-03-04      0.00      0.00    0.00    0.00    0.15    0.00    0.34    2.99
2021-03-05      0.00      0.00    0.00    0.00    0.14    0.00    0.11    3.26
2021-03-06      0.00      0.00    0.00    0.00    0.13    0.03    0.38    1.13
2021-03-07      0.07      0.00    0.00    0.00    0.10    0.02    0.28    1.88
2021-03-08      0.00      0.00    0.00    0.00    0.07    0.01    0.18    1.25
2021-03-09      0.54      0.00    0.00    0.00    0.05    0.00    0.25    0.53
2021-03-10      0.85      0.00    0.00    0.00    0.07    0.00    0.20    1.04
2021-03-11      0.00      0.00    0.00    0.00    0.11    0.02    0.34    1.64
2021-03-12      0.00      0.00    0.00    0.00    0.13    0.02    0.34    1.46
2021-03-13      0.00      0.00    0.00    0.00    0.14    0.05    0.52    1.02
2021-03-14      0.00      0.00    0.00    0.00    0.13    0.09    0.53    0.99
2021-03-15      0.00      0.00    0.00    0.00    0.17    0.13    0.33    2.27
2021-03-16      0.00      0.00    0.00    0.00    0.23    0.14    0.66    2.06
2021-03-17      0.00      0.00    0.00    0.00    0.25    0.11    0.68    2.64
2021-03-18      0.64      0.00    0.00    0.00    0.29    0.23    0.69    3.00
2021-03-19      1.02      0.00    0.00    0.00    0.23    0.28    0.74    1.26
2021-03-20      0.09      0.00    0.00    0.00    0.22    0.28    0.60    1.22
2021-03-21      0.17      0.00    0.00    0.00    0.21    0.22    0.53    1.39
2021-03-22      0.00      0.00    0.00    0.00    0.23    0.16    0.83    1.56
2021-03-23      0.00      0.00    0.00    0.00    0.31    0.19    1.38    2.33
2021-03-24      0.00      0.00    0.00    0.00    0.25    0.09    0.92    2.53
2021-03-25      0.09      0.00    0.00    0.00    0.21    0.15    0.73    1.45
2021-03-26      0.98      0.00    0.00    0.00    0.19    0.14    0.58    2.02
2021-03-27      0.43      0.00    0.00    0.00    0.27    0.22    0.98    1.88
2021-03-28      0.01      0.00    0.00    0.00    0.23    0.20    0.60    1.58
2021-03-29      0.00      0.00    0.00    0.00    0.20    0.11    0.64    1.54
2021-03-30      0.00      0.00    0.00    0.00    0.23    0.16    0.79    1.69
2021-03-31      0.00      0.00    0.00    0.00    0.26    0.21    0.66    2.48
2021-04-01      0.00      0.00    0.00    0.00    0.24    0.16    0.83    2.12
2021-04-02      0.00      0.00    0.00    0.00    0.23    0.19    0.61    1.94
2021-04-03      0.00      0.00    0.00    0.00    0.20    0.11    0.81    1.79
2021-04-04      0.04      0.00    0.00    0.00    0.18    0.11    0.46    2.48
2021-04-05      0.00      0.00    0.00    0.00    0.22    0.18    0.52    2.15
2021-04-06      0.01      0.00    0.00    0.00    0.20    0.06    0.48    2.30
2021-04-07      0.07      0.00    0.00    0.00    0.22    0.04    0.31    2.59
2021-04-08      0.00      0.00    0.00    0.00    0.21    0.12    0.49    2.27
2021-04-09      0.00      0.00    0.00    0.00    0.24    0.14    0.81    2.14
2021-04-10      0.00      0.00    0.00    0.00    0.19    0.20    0.66    1.72
2021-04-11      0.00      0.00    0.00    0.00    0.21    0.10    0.70    2.29
2021-04-12      0.07      0.00    0.00    0.00    0.27    0.13    0.86    3.00
2021-04-13      0.16      0.00    0.00    0.00    0.30    0.34    0.98    2.13
2021-04-14      0.01      0.00    0.00    0.00    0.30    0.12    1.00    2.83
2021-04-15      0.47      0.00    0.00    0.00    0.34    0.19    1.70    2.26
2021-04-16      1.05      0.00    0.00    0.00    0.28    0.17    1.05    2.08
2021-04-17      0.14      0.00    0.00    0.00    0.33    0.27    1.35    2.28
2021-04-18      0.00      0.00    0.00    0.00    0.32    0.41    0.93    2.04
2021-04-19      0.00      0.00    0.00    0.00    0.32    0.21    1.12    3.42
2021-04-20      0.05      0.00    0.00    0.00    0.25    0.09    0.75    3.19
2021-04-21      1.05      0.00    0.00    0.00    0.26    0.31    0.71    2.30
2021-04-22      0.66      0.00    0.00    0.00    0.12    0.08    0.42    0.69
2021-04-23      0.79      0.00    0.00    0.00    0.13    0.06    0.69    0.83
2021-04-24      0.73      0.00    0.00    0.00    0.14    0.15    0.50    1.03
2021-04-25      1.09      0.00    0.00    0.00    0.12    0.06    0.32    1.37
2021-04-26      0.99      0.00    0.00    0.00    0.20    0.01    0.94    1.54
2021-04-27      0.48      0.00    0.00    0.00    0.21    0.11    0.82    1.47
2021-04-28      0.00      0.00    0.00    0.00    0.10    0.06    0.31    0.84
2021-04-29      0.04      0.00    0.00    0.00    0.15    0.10    0.55    1.60
2021-04-30      0.26      0.00    0.00    0.00    0.18    0.03    0.46    2.72
2021-05-01      0.33      0.00    0.00    0.00    0.15    0.01    0.40    2.52
2021-05-02      0.00      0.00    0.00    0.00    0.21    0.01    0.94    2.18
2021-05-03      0.00      0.00    0.00    0.00    0.16    0.02    0.64    1.83
2021-05-04      0.00      0.00    0.00    0.00    0.24    0.07    0.79    2.54
2021-05-05      0.02      0.00    0.00    0.00    0.26    0.04    0.86    2.26
2021-05-06      0.06      0.00    0.00    0.00    0.21    0.13    0.45    2.61
2021-05-07      0.02      0.00    0.00    0.00    0.14    0.03    0.77    1.11
2021-05-08      0.03      0.00    0.00    0.00    0.23    0.03    0.68    2.29
2021-05-09      0.00      0.00    0.00    0.00    0.23    0.00    0.74    2.38
2021-05-10      0.16      0.00    0.00    0.00    0.09    0.00    0.13    1.52
2021-05-11      0.00      0.00    0.00    0.00    0.14    0.08    0.55    1.20
2021-05-12      0.00      0.00    0.00    0.00    0.11    0.00    0.30    1.55
2021-05-13      0.00      0.00    0.00    0.00    0.21    0.03    0.70    2.12
2021-05-14      0.00      0.00    0.00    0.00    0.31    0.16    1.20    2.77
2021-05-15      0.00      0.00    0.00    0.00    0.31    0.11    1.31    2.65
2021-05-16      0.21      0.00    0.00    0.00    0.27    0.15    0.91    2.21
2021-05-17      0.14      0.00    0.00    0.00    0.11    0.01    0.30    1.69
2021-05-18      0.00      0.00    0.00    0.00    0.04    0.02    0.12    0.44
2021-05-19      0.00      0.00    0.00    0.00    0.08    0.00    0.31    0.87
2021-05-20      0.00      0.00    0.00    0.00    0.17    0.05    0.27    2.33
2021-05-21      0.00      0.00    0.00    0.00    0.17    0.00    0.42    2.11
2021-05-22      0.00      0.00    0.00    0.00    0.18    0.06    0.62    1.35
2021-05-23      0.00      0.00    0.00    0.00    0.15    0.03    0.22    3.30
2021-05-24      0.00      0.00    0.00    0.00    0.19    0.11    0.41    2.88
2021-05-25      0.00      0.00    0.00    0.00    0.20    0.08    0.72    1.55
2021-05-26      0.00      0.00    0.00    0.00    0.13    0.04    0.48    1.08
2021-05-27      0.00      0.00    0.00    0.00    0.10    0.00    0.34    0.93
2021-05-28      0.00      0.00    0.00    0.00    0.12    0.07    0.50    1.02
2021-05-29      0.00      0.00    0.00    0.00    0.14    0.01    0.38    1.95
2021-05-30      0.00      0.00    0.00    0.00    0.15    0.01    0.52    1.72
2021-05-31      0.00      0.00    0.00    0.00    0.18    0.03    0.45    1.80
2021-06-01      0.00      0.00    0.00    0.00    0.22    0.03    0.76    2.30
2021-06-02      0.00      0.00    0.00    0.00    0.31    0.19    0.89    2.93
2021-06-03      0.00      0.00    0.00    0.00    0.18    0.01    0.87    1.83
2021-06-04      0.00      0.00    0.00    0.00    0.12    0.00    0.39    1.21
2021-06-05      0.00      0.00    0.00    0.00    0.14    0.00    0.47    1.43
2021-06-06      0.00      0.00    0.00    0.00    0.06    0.01    0.16    0.79
2021-06-07      0.00      0.00    0.00    0.00    0.06    0.00    0.09    0.90
2021-06-08      0.00      0.00    0.00    0.00    0.08    0.00    0.23    0.67
2021-06-09      0.00      0.00    0.00    0.00    0.08    0.02    0.41    0.60
2021-06-10      0.00      0.00    0.00    0.00    0.11    0.00    0.31    1.93
2021-06-11      0.00      0.00    0.00    0.00    0.06    0.00    0.12    1.20
2021-06-12      0.00      0.00    0.00    0.00    0.12    0.00    0.37    1.83
2021-06-13      0.00      0.00    0.00    0.00    0.14    0.00    0.59    1.78
2021-06-14      0.00      0.00    0.00    0.00    0.21    0.00    0.58    3.02
2021-06-15      0.00      0.00    0.00    0.00    0.18    0.00    0.86    1.46
2021-06-16      0.00      0.00    0.00    0.00    0.22    0.03    1.06    1.72
2021-06-17      0.00      0.00    0.00    0.00    0.20    0.03    0.79    1.34
2021-06-18      0.00      0.00    0.00    0.00    0.17    0.07    0.43    2.09
2021-06-19      0.00      0.00    0.00    0.00    0.14    0.02    0.21    2.12
2021-06-20      0.00      0.00    0.00    0.00    0.14    0.03    0.46    1.39
2021-06-21      0.00      0.00    0.00    0.00    0.10    0.00    0.30    1.12
2021-06-22      0.02      0.00    0.00    0.00    0.08    0.00    0.12    1.04
2021-06-23      0.08      0.00    0.00    0.00    0.15    0.00    0.25    2.84
2021-06-24      0.05      0.00    0.00    0.00    0.11    0.00    0.07    3.02
2021-06-25      0.00      0.00    0.00    0.00    0.12    0.01    0.13    3.42
2021-06-26      0.00      0.00    0.00    0.00    0.11    0.00    0.23    2.27
2021-06-27      0.00      0.00    0.00    0.00    0.12    0.00    0.30    2.42
2021-06-28      0.00      0.00    0.00    0.00    0.11    0.00    0.19    2.09
2021-06-29      0.00      0.00    0.00    0.00    0.12    0.00    0.12    2.63
2021-06-30      0.00      0.00    0.00    0.00    0.09    0.00    0.13    2.57
2021-07-01      0.00      0.00    0.00    0.00    0.05    0.00    0.01    1.61
2021-07-02      0.00      0.00    0.00    0.00    0.04    0.00    0.00    1.04
2021-07-03      0.12      0.00    0.00    0.00    0.09    0.00    0.15    1.07
2021-07-04      0.17      0.00    0.00    0.00    0.13    0.00    0.47    1.57
2021-07-05      0.17      0.00    0.00    0.00    0.10    0.00    0.14    3.05
2021-07-06      0.07      0.00    0.00    0.00    0.10    0.00    0.13    3.04
2021-07-07      0.00      0.00    0.00    0.00    0.09    0.00    0.11    2.04
2021-07-08      0.49      0.00    0.00    0.00    0.09    0.00    0.10    1.67
2021-07-09      0.00      0.00    0.00    0.00    0.12    0.00    0.27    2.25
2021-07-10      0.00      0.00    0.00    0.00    0.14    0.00    0.19    2.33
2021-07-11      0.00      0.00    0.00    0.00    0.10    0.00    0.25    1.64
2021-07-12      0.00      0.00    0.00    0.00    0.14    0.05    0.45    1.63
2021-07-13      0.00      0.00    0.00    0.00    0.15    0.04    0.44    1.81
2021-07-14      0.00      0.00    0.00    0.00    0.18    0.00    0.71    2.14
2021-07-15      0.00      0.00    0.00    0.00    0.21    0.00    0.82    2.25
2021-07-16      0.00      0.00    0.00    0.00    0.22    0.02    0.60    4.13
2021-07-17      0.00      0.00    0.00    0.00    0.19    0.13    0.53    1.58
2021-07-18      0.00      0.00    0.00    0.00    0.17    0.16    0.58    1.23
2021-07-19      0.00      0.00    0.00    0.00    0.17    0.09    0.44    3.20
2021-07-20      0.00      0.00    0.00    0.00    0.20    0.06    0.53    2.63
2021-07-21      0.00      0.00    0.00    0.00    0.20    0.02    0.55    2.67
2021-07-22      0.00      0.00    0.00    0.00    0.40    0.11    1.02    6.03
2021-07-23      0.00      0.00    0.00    0.00    0.39    0.24    1.09    3.87
2021-07-24      0.00      0.00    0.00    0.00    0.55    0.40    1.71    5.55
2021-07-25      0.00      0.00    0.00    0.00    0.76    0.91    1.92    5.25
2021-07-26      0.48      0.00    0.00    0.00    0.76    0.78    1.96    6.17
2021-07-27      0.00      0.00    0.00    0.00    0.73    0.63    2.23    5.64
2021-07-28      0.07      0.00    0.00    0.00    0.74    0.83    2.58    6.62
2021-07-29      0.00      0.00    0.00    0.00    0.90    0.84    3.07    6.17
2021-07-30      0.00      0.00    0.00    0.00    0.98    0.98    3.16    6.72
2021-07-31      0.00      0.00    0.00    0.00    1.07    0.78    3.35    7.37
2021-08-01      0.00      0.00    0.00    0.00    1.22    1.38    3.94    7.92
2021-08-02      0.00      0.00    0.00    0.00    1.56    2.35    4.07    7.46
2021-08-03      0.00      0.00    0.00    0.00    1.75    2.98    4.64    8.64
2021-08-04      0.88      0.00    0.00    0.00    2.18    3.01    5.98   11.86
2021-08-05      1.24      0.00    0.00    0.00    2.30    2.42    7.12   12.01
2021-08-06      1.00      0.00    0.00    0.25    2.22    2.32    5.90   11.92
2021-08-07      0.25      0.00    0.00    0.28    2.39    3.43    6.17   13.94
2021-08-08      0.01      0.00    0.00    0.15    2.51    2.83    7.11   13.45
2021-08-09      0.39      0.00    0.00    0.09    2.74    4.40    6.63   11.95
2021-08-10      1.05      0.00    0.00    0.26    3.01    4.71    7.22   11.91
2021-08-11      1.42      0.00    0.00    0.40    3.22    5.06    7.87   13.23
2021-08-12      2.35      0.00    0.00    0.34    3.68    5.17    9.33   15.49
2021-08-13      2.92      0.00    0.00    0.74    4.33    6.47   11.14   16.58
2021-08-14      4.59      0.00    0.00    0.99    4.44    5.77   10.91   18.38
2021-08-15      5.16      0.00    0.00    1.45    4.43    6.04   12.00   16.21
2021-08-16      4.61      0.00    0.00    0.93    4.58    5.92   11.91   19.35
2021-08-17      4.80      0.00    0.00    1.33    5.16    6.13   12.82   18.72
2021-08-18      7.50      0.00    0.00    2.23    5.63    7.81   13.26   21.30
2021-08-19      6.10      0.00    0.00    2.97    5.75    7.33   12.83   20.75
2021-08-20      7.46      0.00    0.04    2.33    6.29    8.92   13.36   23.22
2021-08-21     10.10      0.00    0.51    2.37    7.09    9.44   17.01   26.11
2021-08-22      9.48      0.00    0.58    2.51    7.53   10.80   15.60   21.56
2021-08-23      9.39      0.00    0.23    2.92    7.87   12.47   15.01   20.74
2021-08-24      9.79      0.00    0.04    3.46    8.12   12.92   16.27   20.87
2021-08-25     11.77      0.00    0.05    4.52    9.05   13.66   19.13   23.09
2021-08-26     10.87      0.00    0.00    5.10    9.82   13.92   20.24   23.01
2021-08-27      9.39      0.00    0.13    5.75   10.50   14.18   20.57   22.89
2021-08-28     11.58      0.00    0.00    5.82   10.79   15.25   20.42   23.58
2021-08-29     14.11      0.00    0.02    5.89   11.41   16.77   20.41   25.11
2021-08-30     15.05      0.00    0.34    7.11   12.24   17.91   22.44   28.32
2021-08-31     15.18      0.00    0.50    7.52   12.84   18.11   23.41   29.15
2021-09-01     15.68      0.00    0.17    8.01   13.12   19.73   24.38   27.95
2021-09-02     17.72      0.00    0.33   10.22   13.49   20.08   23.70   28.02
2021-09-03     19.00      0.00    0.61   10.97   14.20   19.78   24.84   28.87
2021-09-04     19.19      0.00    0.53   12.20   14.82   21.15   24.75   28.86
2021-09-05     17.13      0.00    0.19   12.36   15.05   20.64   24.23   28.74
2021-09-06     16.90      0.00    1.04   11.96   15.61   22.40   24.37   28.80
2021-09-07     16.90      0.00    0.96   14.22   16.31   22.53   24.67   28.72
2021-09-08     19.14      0.00    1.00   14.11   16.86   22.91   25.51   28.75
2021-09-09     20.47      0.00    1.51   13.23   17.19   23.53   25.69   29.86
2021-09-10     22.17      0.00    2.13   14.45   17.39   23.59   25.95   29.66
2021-09-11     21.53      0.00    3.03   15.34   17.71   23.93   26.36   28.88
2021-09-12     22.90      0.00    4.18   15.35   17.89   23.69   26.40   28.67
2021-09-13     22.62      0.00    4.70   15.14   18.15   24.11   25.87   28.66
2021-09-14     22.78      0.00    5.79   16.41   18.28   24.30   26.12   27.58
2021-09-15     23.46      0.11    6.38   17.24   18.47   24.05   26.09   27.02
2021-09-16     23.41      0.00    6.66   17.78   18.59   24.33   26.01   26.87
2021-09-17     22.98      0.00    6.92   18.31   18.91   24.10   26.58   26.97
2021-09-18     23.34      0.00    7.42   18.72   19.16   24.09   26.45   27.94
2021-09-19     23.24      0.00    6.68   19.67   19.17   24.21   26.66   27.91
2021-09-20     23.09      0.00    6.49   20.15   19.14   24.48   25.82   27.69
2021-09-21     23.22      0.03    6.16   19.51   19.24   23.97   26.20   27.72
2021-09-22     23.43      0.02    6.54   18.95   19.19   23.83   25.69   28.64
2021-09-23     23.50      0.09    7.10   18.12   18.97   23.68   25.92   29.19
2021-09-24     24.14      0.04    8.00   17.79   19.07   23.79   25.82   29.62
2021-09-25     24.54      0.00    8.00   17.68   19.04   23.92   25.40   28.43
2021-09-26     24.05      0.01    7.00   16.52   18.62   23.78   25.51   27.72
2021-09-27     23.90      0.17    5.81   17.48   18.82   24.19   25.57   27.40
2021-09-28     24.69      0.09    6.13   17.82   18.62   24.08   25.29   27.31
2021-09-29     24.71      0.00    7.17   17.89   18.60   23.65   25.87   27.00
2021-09-30     24.63      0.00    8.36   17.98   18.81   23.38   26.03   26.59
2021-10-01     24.18      0.00    8.75   18.13   18.75   23.04   25.74   27.41
2021-10-02     24.36      0.00    8.73   17.28   18.58   22.98   25.49   28.21
2021-10-03     24.13      0.00    8.42   17.73   18.54   22.93   25.02   27.53
2021-10-04     23.44      0.00    8.01   17.64   18.37   22.76   25.06   27.14
2021-10-05     23.93      0.00    7.86   16.97   18.15   22.44   25.39   27.04
2021-10-06     24.48      0.73    8.82   17.44   18.65   22.42   25.40   28.17
2021-10-07     24.81      0.00    7.34   16.68   18.01   21.91   24.94   28.02
2021-10-08     24.19      0.01    7.90   16.74   17.77   21.63   24.91   28.13
2021-10-09     23.84      0.00    7.61   16.91   17.48   21.74   23.74   28.17
2021-10-10     24.54      0.27    7.04   16.96   17.34   21.96   23.36   27.98
2021-10-11     24.52      0.11    7.38   16.69   17.10   21.78   23.63   27.44
2021-10-12     24.18      0.00    7.92   16.67   16.81   21.45   23.13   26.71
2021-10-13     24.09      0.00    7.58   15.93   16.68   20.49   23.81   26.48
2021-10-14     23.41      0.00    8.00   14.82   16.44   20.29   23.29   26.24
2021-10-15     22.67      0.00    7.86   14.39   16.26   20.00   23.42   26.11
2021-10-16     22.04      0.00    8.25   14.66   16.21   20.01   22.42   26.06
2021-10-17     21.62      0.00    8.19   14.21   16.01   19.75   21.73   26.12
2021-10-18     21.77      0.00    7.26   13.15   15.70   19.60   22.12   26.29
2021-10-19     21.78      0.00    6.93   11.95   15.54   19.85   22.63   26.06
2021-10-20     21.87      0.00    5.64   11.64   15.21   20.02   22.41   26.61
2021-10-21     21.94      0.00    5.71   12.29   14.84   19.73   22.04   26.97
2021-10-22     22.47      0.00    4.76   13.13   14.61   19.44   21.62   26.78
2021-10-23     21.76      0.00    4.42   12.57   14.49   18.35   21.08   26.70
2021-10-24     21.33      0.00    3.78   12.00   14.46   18.00   21.23   26.53
2021-10-25     21.78      0.00    3.36   11.99   14.26   18.00   21.37   26.12
2021-10-26   -9999.0      0.00    3.73   12.07   14.03   17.23   21.48   24.96
2021-10-27   -9999.0      0.00    3.97   11.49   13.82   16.87   21.73   25.14
2021-10-28   -9999.0      0.00    4.87   11.15   13.44   16.38   21.31   25.06
2021-10-29   -9999.0      0.00    4.01   11.01   13.26   16.36   20.77   24.26
2021-10-30   -9999.0      0.00    3.58   10.50   13.01   16.84   20.45   23.85
2021-10-31   -9999.0      0.00    3.64   10.32   12.79   16.97   20.08   23.87
2021-11-01   -9999.0      0.00    3.37    9.92   12.51   16.94   19.67   24.33
2021-11-02   -9999.0      0.00    2.52    8.60   12.19   17.28   19.96   24.75
2021-11-03   -9999.0      0.00    2.13    6.43   11.86   17.01   20.52   24.73
2021-11-04   -9999.0      0.00    0.92    5.77   11.63   17.01   20.01   23.45
2021-11-05   -9999.0      0.00    0.39    5.82   11.22   16.17   19.68   22.05
2021-11-06   -9999.0      0.00    0.00    5.93   10.96   15.78   19.08   22.05
2021-11-07   -9999.0      0.00    0.00    6.36   10.78   16.40   19.75   22.41
2021-11-08   -9999.0      0.00    0.05    5.97   10.53   16.35   18.63   21.29
2021-11-09   -9999.0      0.00    0.00    5.02   10.13   16.01   18.43   20.56
2021-11-10   -9999.0      0.00    0.00    4.20    9.80   15.17   18.65   20.38
2021-11-11   -9999.0      0.00    0.00    3.45    9.48   15.74   18.51   19.96
2021-11-12   -9999.0      0.00    0.00    3.11    9.25   15.05   17.95   20.92
2021-11-13   -9999.0      0.00    0.00    2.39    8.96   14.53   18.69   20.52
2021-11-14   -9999.0      0.00    0.00    2.53    8.69   14.60   18.65   21.22
2021-11-15   -9999.0      0.00    0.00    2.16    8.43   14.40   18.32   20.61
2021-11-16   -9999.0      0.00    0.00    1.32    7.94   13.95   17.92   19.71
2021-11-17   -9999.0      0.00    0.00    0.29    7.45   13.01   17.52   19.85
2021-11-18   -9999.0      0.00    0.00    0.01    6.95   12.86   17.25   20.20
2021-11-19   -9999.0      0.00    0.00    0.00    6.86   12.58   17.13   19.52
2021-11-20   -9999.0      0.00    0.00    0.00    6.74   12.04   16.10   19.54
2021-11-21   -9999.0      0.00    0.00    0.01    6.62   12.11   15.81   19.67
2021-11-22   -9999.0      0.00    0.00    0.00    6.34   10.83   15.54   19.38
2021-11-23   -9999.0      0.00    0.00    0.00    6.07   10.08   15.42   18.77
2021-11-24   -9999.0      0.00    0.00    0.00    5.59    9.23   15.03   19.32
2021-11-25   -9999.0      0.00    0.00    0.00    5.24    8.97   14.20   19.73
2021-11-26   -9999.0      0.00    0.00    0.00    4.78    6.89   13.47   19.01
2021-11-27   -9999.0      0.00    0.00    0.00    4.59    6.09   13.17   18.93
2021-11-28   -9999.0      0.00    0.00    0.00    4.44    5.39   13.39   19.27
2021-11-29   -9999.0      0.00    0.00    0.00    4.17    5.28   13.22   18.92
2021-11-30   -9999.0      0.00    0.00    0.00    3.95    5.48   13.71   17.95
2021-12-01   -9999.0      0.00    0.00    0.00    4.08    5.69   13.45   17.20
2021-12-02   -9999.0      0.00    0.00    0.00    3.75    5.56   12.83   15.16
2021-12-03   -9999.0      0.00    0.00    0.00    3.42    5.35   11.13   15.29
2021-12-04   -9999.0      0.00    0.00    0.00    3.24    4.05   11.41   15.97
2021-12-05   -9999.0      0.00    0.00    0.00    2.88    2.43   10.21   15.62
2021-12-06   -9999.0      0.00    0.00    0.00    2.60    1.37    9.62   14.22
2021-12-07   -9999.0      0.00    0.00    0.00    2.27    1.26    7.59   12.63
2021-12-08   -9999.0      0.00    0.00    0.00    1.94    0.68    7.32   11.57
2021-12-09   -9999.0      0.00    0.00    0.00    1.66    0.37    7.16   10.85
2021-12-10   -9999.0      0.00    0.00    0.00    1.53    0.29    6.38   11.33
2021-12-11   -9999.0      0.00    0.00    0.00    1.38    0.44    5.06   11.81
2021-12-12   -9999.0      0.00    0.00    0.00    1.35    0.31    5.24   12.04
2021-12-13   -9999.0      0.00    0.00    0.00    1.12    0.00    4.54   11.77
2021-12-14   -9999.0      0.00    0.00    0.00    0.99    0.00    4.29   11.13
2021-12-15   -9999.0      0.00    0.00    0.00    0.83    0.00    2.67   10.50
2021-12-16   -9999.0      0.00    0.00    0.00    0.77    0.00    2.62    9.51
2021-12-17   -9999.0      0.00    0.00    0.00    0.64    0.00    2.46    9.24
2021-12-18   -9999.0      0.00    0.00    0.00    0.58    0.00    1.52    8.51
2021-12-19   -9999.0      0.00    0.00    0.00    0.42    0.00    0.61    7.65
2021-12-20   -9999.0      0.00    0.00    0.00    0.36    0.00    0.20    7.24
2021-12-21   -9999.0      0.00    0.00    0.00    0.31    0.00    0.04    8.16
2021-12-22   -9999.0      0.00    0.00    0.00    0.31    0.00    0.03    7.66
2021-12-23   -9999.0      0.00    0.00    0.00    0.31    0.00    0.03    7.58
2021-12-24   -9999.0      0.00    0.00    0.00    0.28    0.00    0.01    5.92
2021-12-25   -9999.0      0.00    0.00    0.00    0.27    0.00    0.00    5.13
2021-12-26   -9999.0      0.00    0.00    0.00    0.15    0.00    0.00    3.40
2021-12-27   -9999.0      0.00    0.00    0.00    0.04    0.00    0.00    1.24
2021-12-28   -9999.0      0.00    0.00    0.00    0.00    0.00    0.00    0.04
2021-12-29   -9999.0      0.00    0.00    0.00    0.00    0.00    0.00    0.01
2021-12-30   -9999.0      0.00    0.00    0.00    0.00    0.00    0.00    0.00
2021-12-31   -9999.0      0.00    0.00    0.00    0.00    0.00    0.00    0.01
